FBP_PSNR_simulations =
	ramp = [34.31090933 21.91253797]
	shepp-logan = [34.31120374 21.91391583]
	cosine = [34.31179865 21.91357721]
	hamming = [34.31181396 21.91356915]
	hann = [34.31121756 21.91296981]
